Adaptation,lr,PL_Threshold,oodMethod,oodThreshold,noOOD,CIFAR100-100,CIFAR100-200,CIFAR100C-100,CIFAR100C-200,SVHN-100,SVHN-200,SVHNC-100,SVHNC-200
source,NA,NA,none,NA,23.4,,,,,,,,
norm,NA,NA,none,NA,11.4,12.0,13.2,11.4,11.5,13.7,17.3,12.6,14.5
softpl,0.0003,NA,none,NA,12.3,11.6,12.7,10.8,11.4,13.4,16.7,12.4,14.4
softpl,0.001,NA,none,NA,25.9,11.0,12.0,13.0,12.4,13.4,16.6,15.8,16.1
softpl,0.003,NA,none,NA,49.4,10.7,11.7,31.5,42.1,13.4,16.8,36.4,51.6
hardpl,0.0003,0.0,none,NA,10.6,11.5,12.4,10.8,11.0,12.9,15.7,11.7,13.3
hardpl,0.001,0.0,none,NA,10.9,11.7,12.4,11.2,11.2,12.9,15.2,12.0,13.0
hardpl,0.003,0.0,none,NA,14.3,15.3,16.4,15.1,15.6,15.6,19.4,15.1,16.3
tent,0.0003,NA,none,NA,9.9,10.7,11.6,10.3,10.5,12.0,14.3,11.1,12.3
tent,0.001,NA,none,NA,9.8,10.8,11.5,10.4,10.7,11.9,13.7,11.0,12.4
tent,0.003,NA,none,NA,11.5,13.3,15.1,13.7,16.0,13.9,16.8,13.0,15.0
gce,0.0003,0.8,none,NA,10.5,11.3,12.2,10.7,10.9,12.7,15.2,11.6,13.0
gce,0.001,0.8,none,NA,10.6,11.5,12.2,11.0,11.2,12.6,14.8,11.9,12.7
gce,0.003,0.8,none,NA,13.5,14.4,16.8,14.8,15.4,15.6,18.5,14.7,16.1
